findfont: Font family ['sans-serif'] not found. Falling back to DejaVu Sans.
findfont: Font family ['sans-serif'] not found. Falling back to DejaVu Sans.
findfont: Font family ['sans-serif'] not found. Falling back to DejaVu Sans.
findfont: Font family ['sans-serif'] not found. Falling back to DejaVu Sans.
findfont: Font family ['sans-serif'] not found. Falling back to DejaVu Sans.
findfont: Font family ['sans-serif'] not found. Falling back to DejaVu Sans.
findfont: Font family ['sans-serif'] not found. Falling back to DejaVu Sans.
findfont: Font family ['sans-serif'] not found. Falling back to DejaVu Sans.
findfont: Font family ['sans-serif'] not found. Falling back to DejaVu Sans.
findfont: Font family ['sans-serif'] not found. Falling back to DejaVu Sans.
findfont: Font family ['sans-serif'] not found. Falling back to DejaVu Sans.
findfont: Font family ['sans-serif'] not found. Falling back to DejaVu Sans.
findfont: Font family ['sans-serif'] not found. Falling back to DejaVu Sans.
findfont: Font family ['sans-serif'] not found. Falling back to DejaVu Sans.
Calculates shared targets 1592403627.4833448
------------------------------------------------
------------------------------------------------
open catalogs 1.904264211654663
select areas and sub surveys 46.92379140853882
creates coordinates arrays 48.572086811065674
BCG & GAL & FIL & Awi & Ade & Air & QSO & LyA & ELG & _BG & LRG \\
411316 & 1685593 & 3007084 & 1852429 & 100727 & 333003 & 1139832 & 513828 & 1332354 & 1886401 & 3015169 \\
builds trees 49.25093150138855
counts pairs trees 94.68728590011597
411344 113.24145197868347
392771 185.48098611831665
139602 301.30964756011963
4188 376.89741039276123
345 382.07797503471375
172 394.59322023391724
220 427.4090337753296
0 442.19665718078613
0 472.39888763427734
95336 527.1186249256134
48130 614.252694606781
1757521 693.9210286140442
224548 820.2555000782013
7817 902.6353716850281
611 908.5020079612732
289 922.1464710235596
363 957.4902391433716
0 973.4095356464386
2189 1005.8485910892487
155196 1065.1544561386108
82125 1160.4025423526764
3007088 1282.3101959228516
16376 1360.6643390655518
589 1366.2113108634949
395 1379.2578012943268
1 1413.0432796478271
0 1428.2820003032684
7646 1460.4705002307892
489435 1517.02583527565
40406 1606.357887506485
1852429 1694.903758764267
0 1699.6655116081238
95754 1714.062489748001
399360 1752.1923911571503
95711 1769.3193881511688
2152 1803.1150209903717
7125 1866.0005028247833
15058 1966.4146981239319
100727 1970.7697265148163
3711 1971.1448817253113
8658 1971.9195415973663
3212 1972.2657852172852
0 1972.6787447929382
179 1973.9935460090637
337 1976.0270013809204
333003 1987.336383342743
0 2016.4684450626373
1 2029.599193096161
136 2056.6464364528656
156 2104.9610300064087
737 2182.129732608795
1139832 2228.8064198493958
0 2249.598423242569
1010 2297.9930696487427
2 2374.3203389644623
714 2496.1424713134766
513828 2515.963488340378
0 2563.8709757328033
0 2635.7813222408295
1 2750.5705137252808
1332358 2790.5891976356506
6441 2807.7880692481995
16086 2835.2083179950714
1886409 2907.80459189415
3 3020.7698719501495
3015177 3122.3288354873657
BCG & GAL & FIL & Awi & Ade & Air & QSO & LyA & ELG & _BG & LRG \\
411316 & 1685593 & 3007084 & 1852429 & 100727 & 333003 & 1139832 & 513828 & 1332354 & 1886401 & 3015169 \\
BCG &  411344 & 392771 & 139602 & 4188 & 345 & 172 & 220 & 0 & 0 & 95336 & 48130  \\
GAL &  392771 & 1757521 & 224548 & 7817 & 611 & 289 & 363 & 0 & 2189 & 155196 & 82125  \\
FIL &  139602 & 224548 & 3007088 & 16376 & 589 & 395 & 1 & 0 & 7646 & 489435 & 40406  \\
Awi &  4188 & 7817 & 16376 & 1852429 & 0 & 95754 & 399360 & 95711 & 2152 & 7125 & 15058  \\
Ade &  345 & 611 & 589 & 0 & 100727 & 3711 & 8658 & 3212 & 0 & 179 & 337  \\
Air &  172 & 289 & 395 & 95754 & 3711 & 333003 & 0 & 1 & 136 & 156 & 737  \\
QSO &  220 & 363 & 1 & 399360 & 8658 & 0 & 1139832 & 0 & 1010 & 2 & 714  \\
LyA &  0 & 0 & 0 & 95711 & 3212 & 1 & 0 & 513828 & 0 & 0 & 1  \\
ELG &  0 & 2189 & 7646 & 2152 & 0 & 136 & 1010 & 0 & 1332358 & 6441 & 16086  \\
 BG &  95336 & 155196 & 489435 & 7125 & 179 & 156 & 2 & 0 & 6441 & 1886409 & 3  \\
LRG &  48130 & 82125 & 40406 & 15058 & 337 & 737 & 714 & 1 & 16086 & 3 & 3015177  \\
BCG &  100.0 & 23.3 & 4.6 & 0.2 & 0.3 & 0.1 & 0.0 & 0.0 & 0.0 & 5.1 & 1.6  \\
GAL &  95.5 & 104.3 & 7.5 & 0.4 & 0.6 & 0.1 & 0.0 & 0.0 & 0.2 & 8.2 & 2.7  \\
FIL &  33.9 & 13.3 & 100.0 & 0.9 & 0.6 & 0.1 & 0.0 & 0.0 & 0.6 & 25.9 & 1.3  \\
Awi &  1.0 & 0.5 & 0.5 & 100.0 & 0.0 & 28.8 & 35.0 & 18.6 & 0.2 & 0.4 & 0.5  \\
Ade &  0.1 & 0.0 & 0.0 & 0.0 & 100.0 & 1.1 & 0.8 & 0.6 & 0.0 & 0.0 & 0.0  \\
Air &  0.0 & 0.0 & 0.0 & 5.2 & 3.7 & 100.0 & 0.0 & 0.0 & 0.0 & 0.0 & 0.0  \\
QSO &  0.1 & 0.0 & 0.0 & 21.6 & 8.6 & 0.0 & 100.0 & 0.0 & 0.1 & 0.0 & 0.0  \\
LyA &  0.0 & 0.0 & 0.0 & 5.2 & 3.2 & 0.0 & 0.0 & 100.0 & 0.0 & 0.0 & 0.0  \\
ELG &  0.0 & 0.1 & 0.3 & 0.1 & 0.0 & 0.0 & 0.1 & 0.0 & 100.0 & 0.3 & 0.5  \\
 BG &  23.2 & 9.2 & 16.3 & 0.4 & 0.2 & 0.0 & 0.0 & 0.0 & 0.5 & 100.0 & 0.0  \\
LRG &  11.7 & 4.9 & 1.3 & 0.8 & 0.3 & 0.2 & 0.1 & 0.0 & 1.2 & 0.0 & 100.0  \\
BCG &  100.0  \\
GAL &  95.5 & 104.3  \\
FIL &  33.9 & 13.3 & 100.0  \\
Awi &  1.0 & 0.5 & 0.5 & 100.0  \\
Ade &  0.1 & 0.0 & 0.0 & 0.0 & 100.0  \\
Air &  0.0 & 0.0 & 0.0 & 5.2 & 3.7 & 100.0  \\
QSO &  0.1 & 0.0 & 0.0 & 21.6 & 8.6 & 0.0 & 100.0  \\
LyA &  0.0 & 0.0 & 0.0 & 5.2 & 3.2 & 0.0 & 0.0 & 100.0  \\
ELG &  0.0 & 0.1 & 0.3 & 0.1 & 0.0 & 0.0 & 0.1 & 0.0 & 100.0  \\
 BG &  23.2 & 9.2 & 16.3 & 0.4 & 0.2 & 0.0 & 0.0 & 0.0 & 0.5 & 100.0  \\
LRG &  11.7 & 4.9 & 1.3 & 0.8 & 0.3 & 0.2 & 0.1 & 0.0 & 1.2 & 0.0 & 100.0  \\
BCG & GAL & FIL & Awi & Air & QSO & LyA & _BG & LRG \\
411316 & 1685593 & 3007084 & 1852429 & 333003 & 1139832 & 513828 & 1886401 & 3015169 \\
BCG &  411344 & 392771 & 139602 & 4188 & 172 & 220 & 0 & 95336 & 48130  \\
GAL &  392771 & 1757521 & 224548 & 7817 & 289 & 363 & 0 & 155196 & 82125  \\
FIL &  139602 & 224548 & 3007088 & 16376 & 395 & 1 & 0 & 489435 & 40406  \\
Awi &  4188 & 7817 & 16376 & 1852429 & 95754 & 399360 & 95711 & 7125 & 15058  \\
Air &  172 & 289 & 395 & 95754 & 333003 & 0 & 1 & 156 & 737  \\
QSO &  220 & 363 & 1 & 399360 & 0 & 1139832 & 0 & 2 & 714  \\
LyA &  0 & 0 & 0 & 95711 & 1 & 0 & 513828 & 0 & 1  \\
 BG &  95336 & 155196 & 489435 & 7125 & 156 & 2 & 0 & 1886409 & 3  \\
LRG &  48130 & 82125 & 40406 & 15058 & 737 & 714 & 1 & 3 & 3015177  \\
BCG &  100.0 & 23.3 & 4.6 & 0.2 & 0.1 & 0.0 & 0.0 & 5.1 & 1.6  \\
GAL &  95.5 & 104.3 & 7.5 & 0.4 & 0.1 & 0.0 & 0.0 & 8.2 & 2.7  \\
FIL &  33.9 & 13.3 & 100.0 & 0.9 & 0.1 & 0.0 & 0.0 & 25.9 & 1.3  \\
Awi &  1.0 & 0.5 & 0.5 & 100.0 & 28.8 & 35.0 & 18.6 & 0.4 & 0.5  \\
Air &  0.0 & 0.0 & 0.0 & 5.2 & 100.0 & 0.0 & 0.0 & 0.0 & 0.0  \\
QSO &  0.1 & 0.0 & 0.0 & 21.6 & 0.0 & 100.0 & 0.0 & 0.0 & 0.0  \\
LyA &  0.0 & 0.0 & 0.0 & 5.2 & 0.0 & 0.0 & 100.0 & 0.0 & 0.0  \\
 BG &  23.2 & 9.2 & 16.3 & 0.4 & 0.0 & 0.0 & 0.0 & 100.0 & 0.0  \\
LRG &  11.7 & 4.9 & 1.3 & 0.8 & 0.2 & 0.1 & 0.0 & 0.0 & 100.0  \\
BCG &  411344.0 & 392771.0 & 139602.0 & 4188.0 & 172.0 & 220.0 & 0.0 & 95336.0 & 48130.0  \\
GAL &  392771.0 & 1757521.0 & 224548.0 & 7817.0 & 289.0 & 363.0 & 0.0 & 155196.0 & 82125.0  \\
FIL &  139602.0 & 224548.0 & 3007088.0 & 16376.0 & 395.0 & 1.0 & 0.0 & 489435.0 & 40406.0  \\
Awi &  4188.0 & 7817.0 & 16376.0 & 1852429.0 & 95754.0 & 399360.0 & 95711.0 & 7125.0 & 15058.0  \\
Air &  172.0 & 289.0 & 395.0 & 95754.0 & 333003.0 & 0.0 & 1.0 & 156.0 & 737.0  \\
QSO &  220.0 & 363.0 & 1.0 & 399360.0 & 0.0 & 1139832.0 & 0.0 & 2.0 & 714.0  \\
LyA &  0.0 & 0.0 & 0.0 & 95711.0 & 1.0 & 0.0 & 513828.0 & 0.0 & 1.0  \\
 BG &  95336.0 & 155196.0 & 489435.0 & 7125.0 & 156.0 & 2.0 & 0.0 & 1886409.0 & 3.0  \\
LRG &  48130.0 & 82125.0 & 40406.0 & 15058.0 & 737.0 & 714.0 & 1.0 & 3.0 & 3015177.0  \\
BCG &  100.0  \\
GAL &  95.5 & 104.3  \\
FIL &  33.9 & 13.3 & 100.0  \\
Awi &  1.0 & 0.5 & 0.5 & 100.0  \\
Air &  0.0 & 0.0 & 0.0 & 5.2 & 100.0  \\
QSO &  0.1 & 0.0 & 0.0 & 21.6 & 0.0 & 100.0  \\
LyA &  0.0 & 0.0 & 0.0 & 5.2 & 0.0 & 0.0 & 100.0  \\
 BG &  23.2 & 9.2 & 16.3 & 0.4 & 0.0 & 0.0 & 0.0 & 100.0  \\
LRG &  11.7 & 4.9 & 1.3 & 0.8 & 0.2 & 0.1 & 0.0 & 0.0 & 100.0  \\
Pixel area [deg^2]:  3.357174580844667
0.0 180.0 -180.0 180.0
The interval between parallels is 30 deg -0.00'.
The interval between meridians is 45 deg 0.00'.
Pixel area [deg^2]:  3.357174580844667
0.0 180.0 -180.0 180.0
The interval between parallels is 30 deg -0.00'.
The interval between meridians is 45 deg 0.00'.
Pixel area [deg^2]:  3.357174580844667
0.0 180.0 -180.0 180.0
The interval between parallels is 30 deg -0.00'.
The interval between meridians is 45 deg 0.00'.
Pixel area [deg^2]:  3.357174580844667
0.0 180.0 -180.0 180.0
The interval between parallels is 30 deg -0.00'.
The interval between meridians is 45 deg 0.00'.
Pixel area [deg^2]:  3.357174580844667
0.0 180.0 -180.0 180.0
The interval between parallels is 30 deg -0.00'.
The interval between meridians is 45 deg 0.00'.
Pixel area [deg^2]:  3.357174580844667
0.0 180.0 -180.0 180.0
The interval between parallels is 30 deg -0.00'.
The interval between meridians is 45 deg 0.00'.
Pixel area [deg^2]:  3.357174580844667
0.0 180.0 -180.0 180.0
The interval between parallels is 30 deg -0.00'.
The interval between meridians is 45 deg 0.00'.
Pixel area [deg^2]:  3.357174580844667
0.0 180.0 -180.0 180.0
The interval between parallels is 30 deg -0.00'.
The interval between meridians is 45 deg 0.00'.
Pixel area [deg^2]:  3.357174580844667
0.0 180.0 -180.0 180.0
The interval between parallels is 30 deg -0.00'.
The interval between meridians is 45 deg 0.00'.
Pixel area [deg^2]:  3.357174580844667
0.0 180.0 -180.0 180.0
The interval between parallels is 30 deg -0.00'.
The interval between meridians is 45 deg 0.00'.
Pixel area [deg^2]:  3.357174580844667
0.0 180.0 -180.0 180.0
The interval between parallels is 30 deg -0.00'.
The interval between meridians is 45 deg 0.00'.
