Calculates shared targets 1592403627.4830353
------------------------------------------------
------------------------------------------------
open catalogs 1.9039530754089355
select areas and sub surveys 46.96997952461243
creates coordinates arrays 50.03967332839966
BCG & GAL & FIL & Awi & Ade & Air & QSO & LyA & ELG & _BG & LRG \\
7859 & 34300 & 76923 & 39510 & 0 & 9121 & 56933 & 25655 & 0 & 97453 & 155568 \\
builds trees 50.0825731754303
counts pairs trees 50.640565156936646
7859 50.85932779312134
7550 51.80566954612732
3228 53.982295513153076
69 55.12793850898743
4 55.44002318382263
9 57.11000895500183
0 57.824095487594604
4793 60.60141348838806
1914 64.96393847465515
35804 66.1071879863739
5369 68.50139904022217
145 69.78235530853271
10 70.06750845909119
14 71.82673668861389
0 72.61799335479736
7879 75.7247359752655
3663 80.57610940933228
76925 83.15099120140076
352 84.42935466766357
13 84.72547340393066
0 86.57259774208069
0 87.407883644104
29279 90.612473487854
2424 95.67889738082886
39510 97.10368943214417
2182 97.43175411224365
19363 99.45745086669922
3909 100.3679416179657
360 103.81623077392578
804 109.33839964866638
9121 109.62367272377014
0 111.36770987510681
0 112.15428876876831
9 115.15069270133972
42 119.92417001724243
56933 121.37548804283142
0 122.01222276687622
0 124.44364666938782
44 128.31429767608643
25655 128.96160292625427
0 131.36162328720093
0 135.19770503044128
97453 137.7886664867401
0 141.77132415771484
155568 147.6125717163086
BCG & GAL & FIL & Awi & Air & QSO & LyA & _BG & LRG \\
7859 & 34300 & 76923 & 39510 & 9121 & 56933 & 25655 & 97453 & 155568 \\
BCG &  7859 & 7550 & 3228 & 69 & 4 & 9 & 0 & 4793 & 1914  \\
GAL &  7550 & 35804 & 5369 & 145 & 10 & 14 & 0 & 7879 & 3663  \\
FIL &  3228 & 5369 & 76925 & 352 & 13 & 0 & 0 & 29279 & 2424  \\
Awi &  69 & 145 & 352 & 39510 & 2182 & 19363 & 3909 & 360 & 804  \\
Air &  4 & 10 & 13 & 2182 & 9121 & 0 & 0 & 9 & 42  \\
QSO &  9 & 14 & 0 & 19363 & 0 & 56933 & 0 & 0 & 44  \\
LyA &  0 & 0 & 0 & 3909 & 0 & 0 & 25655 & 0 & 0  \\
 BG &  4793 & 7879 & 29279 & 360 & 9 & 0 & 0 & 97453 & 0  \\
LRG &  1914 & 3663 & 2424 & 804 & 42 & 44 & 0 & 0 & 155568  \\
BCG &  100.0 & 22.0 & 4.2 & 0.2 & 0.0 & 0.0 & 0.0 & 4.9 & 1.2  \\
GAL &  96.1 & 104.4 & 7.0 & 0.4 & 0.1 & 0.0 & 0.0 & 8.1 & 2.4  \\
FIL &  41.1 & 15.7 & 100.0 & 0.9 & 0.1 & 0.0 & 0.0 & 30.0 & 1.6  \\
Awi &  0.9 & 0.4 & 0.5 & 100.0 & 23.9 & 34.0 & 15.2 & 0.4 & 0.5  \\
Air &  0.1 & 0.0 & 0.0 & 5.5 & 100.0 & 0.0 & 0.0 & 0.0 & 0.0  \\
QSO &  0.1 & 0.0 & 0.0 & 49.0 & 0.0 & 100.0 & 0.0 & 0.0 & 0.0  \\
LyA &  0.0 & 0.0 & 0.0 & 9.9 & 0.0 & 0.0 & 100.0 & 0.0 & 0.0  \\
 BG &  61.0 & 23.0 & 38.1 & 0.9 & 0.1 & 0.0 & 0.0 & 100.0 & 0.0  \\
LRG &  24.4 & 10.7 & 3.2 & 2.0 & 0.5 & 0.1 & 0.0 & 0.0 & 100.0  \\
BCG &  20.4 & 19.6 & 8.4 & 0.2 & 0.0 & 0.0 & 0.0 & 12.4 & 5.0  \\
GAL &  19.6 & 92.8 & 13.9 & 0.4 & 0.0 & 0.0 & 0.0 & 20.4 & 9.5  \\
FIL &  8.4 & 13.9 & 199.4 & 0.9 & 0.0 & 0.0 & 0.0 & 75.9 & 6.3  \\
Awi &  0.2 & 0.4 & 0.9 & 102.4 & 5.7 & 50.2 & 10.1 & 0.9 & 2.1  \\
Air &  0.0 & 0.0 & 0.0 & 5.7 & 23.6 & 0.0 & 0.0 & 0.0 & 0.1  \\
QSO &  0.0 & 0.0 & 0.0 & 50.2 & 0.0 & 147.5 & 0.0 & 0.0 & 0.1  \\
LyA &  0.0 & 0.0 & 0.0 & 10.1 & 0.0 & 0.0 & 66.5 & 0.0 & 0.0  \\
 BG &  12.4 & 20.4 & 75.9 & 0.9 & 0.0 & 0.0 & 0.0 & 252.6 & 0.0  \\
LRG &  5.0 & 9.5 & 6.3 & 2.1 & 0.1 & 0.1 & 0.0 & 0.0 & 403.2  \\
BCG &  100.0  \\
GAL &  96.1 & 104.4  \\
FIL &  41.1 & 15.7 & 100.0  \\
Awi &  0.9 & 0.4 & 0.5 & 100.0  \\
Air &  0.1 & 0.0 & 0.0 & 5.5 & 100.0  \\
QSO &  0.1 & 0.0 & 0.0 & 49.0 & 0.0 & 100.0  \\
LyA &  0.0 & 0.0 & 0.0 & 9.9 & 0.0 & 0.0 & 100.0  \\
 BG &  61.0 & 23.0 & 38.1 & 0.9 & 0.1 & 0.0 & 0.0 & 100.0  \\
LRG &  24.4 & 10.7 & 3.2 & 2.0 & 0.5 & 0.1 & 0.0 & 0.0 & 100.0  \\
